0
1
2
3
5
7
8
9
12
13
15
17
18
19
20
22
25
33
35
42
43
44
45
47
50
53
54
58
61
64
67
68
70
71
72
84
85
88
89
96
98
101
107
109
126
128
132
135
137
139
155
159
166
169
192
301
302
303
304
318
322
326
328
329
333
336
339
340
341
343
344
345
346
347
356
382
383
386
387
390
393
395
405
408
409
430
466
467
468
469
470
471
472
473
474
475
476
477
499
500
501
502
503
504
505
506
507
508
509
510
521
522
523
524
525
526
527
528
529
530
531
532
533
534
535
536
537
538
539
540
541
542
543
544
545
546
547
558
560
633
634
810
833
867
869
877
878
886
887
892
929
937
938
939
940
941
942
943
944
945
946
955
956
957
958
974
975
976
980
981
982
983
984
993
994
995
996
997
998
999
1032
1034
1035
1036
1037
1038
1052
1084
1085
1088
1106
1119
1120
1121
1237
1238
1239
1539
1540
1541
1542
1543
1544
1545
1546
1547
1548
1549
1550
1551
1552
1553
1614
1615
1616
1617
1618
1619
1620
1621
1622
1623
1624
1625
1626
1627
1628
1630
1631
1632
1633
1634
1635
1636
1637
1638
1639
1640
1641
1737
1738
1739
1740
1741
1742
1743
1744
1745
1746
1747
1748
1749
1774
1775
1776
1777
1778
1779
1780
1781
1782
1783
1784
1785
1819
1821
1822
1823
1824
1825
1826
1827
1828
1829
1830
1831
1843
1844
1845
1846
1847
1848
1849
1850
1851
1852
1853
1854
1855
1856
1857
1858
1859
1860
1861
1862
1863
1864
1865
1866
1889
1890
1891
1892
1893
1894
1895
1896
1897
1898
1899
1900
1912
1913
1914
1915
1916
1917
1918
1919
1920
1921
1922
1923
1924
1925
1926
1927
1943
1944
1945
1946
1947
1948
1949
1950
1951
1952
1953
1954
1955
1956
1957
1990
1991
1992
1993
1994
1995
1996
1997
1998
1999
2000
2001
2002
2003
2004
4001
4007
4008
4009
4010
4011
